[Window][Debug##Default]
Pos=440,117
Size=392,329
Collapsed=0

[Window][Settings]
Pos=0,0
Size=32,32
Collapsed=0

[Settings][Settings]
ClearColor=0.257617,0.262939,0.348039,1.000000

